# Created by Octave 4.4.1, Tue Dec 18 13:59:43 2018 MSK <vladimir@bhorse>
# name: J_history
# type: matrix
# rows: 1000
# columns: 1
 64300749594.565948
 63036794964.819687
 61799111840.657417
 60587140419.70562
 59400333187.446411
 58238154637.679741
 57100080999.611244
 55985599971.401474
 54894210460.017029
 53825422327.22773
 52778756141.597969
 51753742936.324768
 50749923972.778458
 49766850509.605644
 48804083577.257698
 47861193757.811859
 46937760969.955132
 46033374259.004402
 45147631591.839645
 44280139656.630394
 43430513667.238029
 42598377172.180496
 41783361868.047745
 40985107417.260056
 40203261270.063583
 39437478490.660255
 38687421587.371796
 37952760346.74028
 37233171671.469902
 36528339422.117111
 35837954262.438858
 35161713508.310379
 34499320980.127029
 33850486858.606014
 33214927543.906292
 32592365517.987438
 31982529210.129139
 31385152865.53635
 30799976416.955727
 30226745359.231632
 29665210626.731571
 29115128473.572472
 28576260356.581402
 28048372820.925137
 27531237388.345806
 27024630447.940331
 26528333149.423252
 26042131298.814579
 25565815256.494785
 25099179837.571243
 24642024214.501633
 24194151821.920681
 23755370263.618877
 23325491221.621998
 22904330367.322403
 22491707274.613743
 22087445334.982155
 21691371674.50808
 21303317072.733932
 20923115883.354038
 20550605956.684292
 20185628563.869953
 19828028322.791019
 19477653125.625816
 19134354068.034031
 18797985379.921719
 18468404357.751404
 18145471298.361641
 17829049434.260818
 17519004870.361404
 17215206522.120975
 16917526055.057838
 16625837825.609413
 16340018823.302345
 16059948614.204393
 15785509285.628262
 15516585392.058973
 15253063902.276438
 14994834147.645937
 14741787771.549706
 14493818679.93355
 14250822992.942991
 14012698997.624037
 13779347101.664268
 13550669788.150599
 13326571571.32053
 13106958953.284208
 12891740381.695339
 12680826208.349417
 12474128648.688101
 12271561742.189297
 12073041313.623009
 11878484935.153067
 11687811889.265926
 11500943132.507723
 11317801260.01132
 11138310470.795664
 10962396533.819979
 10789986754.775766
 10621009943.600248
 10455396382.694759
 10293077795.832539
 10133987317.740305
 9978059464.338625
 9825230103.626236
 9675436427.1941185
 9528616922.3549824
 9384711344.8746929
 9243660692.2921314
 9105407177.8142509
 8969894204.7738228
 8837066341.6370106
 8706869297.5489159
 8579249898.4048471
 8454156063.4358521
 8331536782.2970695
 8211342092.6477442
 8093523058.2120285
 7978031747.3100014
 7864821211.8484688
 7753845466.7614241
 7645059469.8902617
 7538419102.2940483
 7433881148.9803944
 7331403280.047657
 7230944032.2294855
 7132462790.8328495
 7035919772.0608568
 6941276005.71208
 6848493318.2479849
 6757534316.2205029
 6668362370.0518341
 6580941598.1588144
 6495236851.4143028
 6411213697.9382286
 6328838408.2111158
 6248077940.5031242
 6168899926.61164
 6091272657.9007463
 6015165071.6360617
 5940546737.608469
 5867387845.0404663
 5795659189.7690887
 5725332161.6992807
 5656378732.5220203
 5588771443.6912937
 5522483394.6545
 5457488231.3306417
 5393760134.8311176
 5331273810.4177179
 5270004476.6928511
 5209927855.0169115
 5151020159.1479254
 5093258085.0987034
 5036618801.2068005
 4981079938.4127293
 4926619580.7419329
 4873216255.9862127
 4820848926.5801935
 4769496980.6688404
 4719140223.3617401
 4669758868.1703072
 4621333528.6238918
 4573845210.0610628
 4527275301.5922251
 4481605568.22997
 4436818143.1836224
 4392895520.3143606
 4349820546.7476311
 4307576415.6393852
 4266146659.0929675
 4225515141.2233629
 4185666051.3657403
 4146583897.4252033
 4108253499.3647108
 4070659982.8283176
 4033788772.8967962
 3997625587.9728651
 3962156433.7932634
 3927367597.5650187
 3893245642.2232361
 3859777400.8078814
 3826949970.9570074
 3794750709.5139999
 3763167227.2463899
 3732187383.6739569
 3701799282.0037141
 3671991264.1696091
 3642751905.9747105
 3614070012.3336973
 3585934612.6135778
 3558334956.0705404
 3531260507.3809361
 3504700942.2644291
 3478646143.1973314
 3453086195.2142758
 3428011381.7963748
 3403412180.8439918
 3379279260.7324438
 3355603476.4488168
 3332375865.8082604
 3309587645.7480311
 3287230208.6977482
 3265295119.0241466
 3243774109.5489254
 3222659078.13801
 3201942084.3608508
 3181615346.2182326
 3161671236.9372125
 3142102281.8317404
 3122901155.2276363
 3104060677.4505477
 3085573811.8756118
 3067433662.0375047
 3049633468.7996521
 3032166607.5813451
 3015026585.6415815
 2998207039.4184322
 2981701731.9228101
 2965504550.1854591
 2949609502.7561374
 2934010717.25384
 2918702437.9670386
 2903679023.5029006
 2888934944.4844675
 2874464781.2948017
 2860263221.8671227
 2846325059.5199962
 2832645190.8366356
 2819218613.5874043
 2806040424.6946225
 2793105818.2388101
 2780410083.5055318
 2767948603.0719481
 2755716850.9323134
 2743710390.6615953
 2731924873.6164155
 2720356037.1725755
 2708999702.9983668
 2697851775.3629889
 2686908239.4792953
 2676165159.8801966
 2665618678.8280187
 2655265014.7561326
 2645100460.7422085
 2635121383.0124159
 2625324219.4759707
 2615705478.2893739
 2606261736.4497561
 2596989638.4167113
 2587885894.7620535
 2578947280.8469076
 2570170635.5255909
 2561552859.8757138
 2553090915.9539933
 2544781825.5772142
 2536622669.1278648
 2528610584.3839121
 2520742765.3722243
 2513016461.2451868
 2505428975.1799903
 2497977663.3001714
 2490659933.6189251
 2483473245.0037513
 2476415106.1619992
 2469483074.6468916
 2462674755.8835955
 2455987802.2149377
 2449419911.9663734
 2442968828.5297956
 2436632339.4658165
 2430408275.6241512
 2424294510.2817044
 2418288958.298027
 2412389575.2877946
 2406594356.8099256
 2400901337.5730343
 2395308590.6568727
 2389814226.749444
 2384416393.3994479
 2379113274.283771
 2373903088.4897165
 2368784089.8116307
 2363754566.0617142
 2358812838.3946323
 2353957260.6457372
 2349186218.6825504
 2344498129.7692938
 2339891441.9441562
 2335364633.4090877
 2330916211.9318061
 2326544714.2598391
 2322248705.546289
 2318026778.7871437
 2313877554.2698407
 2309799679.0329127
 2305791826.336452
 2301852695.143187
 2297981009.6099577
 2294175518.5893803
 2290434995.1414871
 2286758236.05515
 2283144061.3790827
 2279591313.9622321
 2276098859.0033617
 2272665583.609653
 2269290396.3641396
 2265972226.9017768
 2262710025.4940081
 2259502762.6416202
 2256349428.6757488
 2253249033.3668432
 2250200605.5414624
 2247203192.7067084
 2244255860.6821685
 2241357693.2392063
 2238507791.7474542
 2235705274.8283615
 2232949278.0156503
 2230238953.4225583
 2227573469.4157081
 2224952010.2954831
 2222373775.9827843
 2219837981.7120233
 2217343857.7302341
 2214890649.0021887
 2212477614.9213824
 2210104029.0267787
 2207769178.7251911
 2205472365.0192022
 2203212902.2404861
 2200990117.7884521
 2198803351.8740821
 2196651957.2688646
 2194535299.0587316
 2192452754.4028702
 2190403712.2973576
 2188387573.3434663
 2186403749.520597
 2184451663.9637127
 2182530750.7451968
 2180640454.6610503
 2178780231.021317
 2176949545.4447007
 2175147873.6572309
 2173374701.294939
 2171629523.7104483
 2169911845.7834001
 2168221181.7346396
 2166557054.9440894
 2164918997.7722344
 2163306551.3851395
 2161719265.5829444
 2160156698.6317511
 2158618417.0988431
 2157103995.6911654
 2155613017.0970192
 2154145071.830862
 2152699758.0812049
 2151276681.5615139
 2149875455.3640542
 2148495699.8166313
 2147137042.3421669
 2145799117.3210495
 2144481565.9562047
 2143184036.1408348
 2141906182.3287704
 2140647665.407388
 2139408152.5730274
 2138187317.208883
 2136984838.7652967
 2135800402.6424112
 2134633700.0751548
 2133484428.020472
 2132352289.0468025
 2131236991.2257195
 2130138248.0257201
 2129055778.2080991
 2127989305.7248805
 2126938559.6187599
 2125903273.9250102
 2124883187.5753307
 2123878044.3035841
 2122887592.5533834
 2121911585.3875096
 2120949780.3990984
 2120001939.6245847
 2119067829.4583535
 2118147220.5690694
 2117239887.8176501
 2116345610.1768577
 2115464170.6524599
 2114595356.2059443
 2113738957.6787574
 2112894769.7180176
 2112062590.7036939
 2111242222.6772132
 2110433471.271471
 2109636145.642199
 2108850058.4007056
 2108075025.5479064
 2107310866.4096651
 2106557403.5733957
 2105814462.8259072
 2105081873.0924611
 2104359466.3770287
 2103647077.7037117
 2102944545.0593145
 2102251709.3370299
 2101568414.2812381
 2100894506.4333739
 2100229835.0788603
 2099574252.1950691
 2098927612.4003091
 2098289772.9038062
 2097660593.4566445
 2097039936.3036957
 2096427666.1364539
 2095823650.0468147
 2095227757.4817417
 2094639860.1988165
 2094059832.2226641
 2093487549.8022153
 2092922891.3688104
 2092365737.4951155
 2091815970.8548317
 2091273476.1832004
 2090738140.2382615
 2090209851.7628832
 2089688501.4475095
 2089173981.8936462
 2088666187.578047
 2088165014.8176033
 2087670361.7349043
 2087182128.2244747
 2086700215.9196653
 2086224528.1601758
 2085754969.9602249
 2085291447.977319
 2084833870.4816346
 2084382147.3259976
 2083936189.9164269
 2083495911.1832678
 2083061225.5528734
 2082632048.9198258
 2082208298.6197176
 2081789893.4024248
 2081376753.4059293
 2080968800.1306243
 2080565956.4141269
 2080168146.4065676
 2079775295.5463662
 2079387330.5364614
 2079004179.3210115
 2078625771.062536
 2078252036.1194954
 2077882906.0243115
 2077518313.4617956
 2077158192.2480071
 2076802477.3095069
 2076451104.6630142
 2076104011.3954513
 2075761135.6443717
 2075422416.5787694
 2075087794.3802402
 2074757210.2245238
 2074430606.2633867
 2074107925.6068494
 2073789112.3057692
 2073474111.3347366
 2073162868.5753145
 2072855330.7995827
 2072551445.6540139
 2072251161.6436393
 2071954428.116534
 2071661195.2485797
 2071371414.0285339
 2071085036.2433708
 2070802014.4639158
 2070522302.0307336
 2070245853.0403059
 2069972622.3314478
 2069702565.4720128
 2069435638.7458203
 2069171799.1398458
 2068911004.3316588
 2068653212.6770811
 2068398383.1981001
 2068146475.5709922
 2067897450.1146867
 2067651267.7793348
 2067407890.1351078
 2067167279.361196
 2066929398.2350252
 2066694210.1216681
 2066461678.9634569
 2066231769.2697978
 2066004446.1071749
 2065779675.0893302
 2065557422.3676469
 2065337654.6217022
 2065120339.0500011
 2064905443.3608778
 2064692935.763581
 2064482784.959512
 2064274960.1336329
 2064069430.9460425
 2063866167.5236926
 2063665140.4522796
 2063466320.7682726
 2063269679.951092
 2063075189.9154458
 2062882823.0037913
 2062692551.9789519
 2062504350.0168633
 2062318190.6994524
 2062134048.0076625
 2061951896.3145905
 2061771710.3787606
 2061593465.3375225
 2061417136.700572
 2061242700.3435867
 2061070132.5019879
 2060899409.7648072
 2060730509.0686765
 2060563407.6919262
 2060398083.2487795
 2060234513.683681
 2060072677.2657015
 2059912552.5830634
 2059754118.5377522
 2059597354.3402522
 2059442239.5043428
 2059288753.8420269
 2059136877.4585214
 2058986590.7473614
 2058837874.3855834
 2058690709.3289945
 2058545076.8075373
 2058400958.3207316
 2058258335.6332004
 2058117190.7702808
 2057977506.0137122
 2057839263.8973963
 2057702447.2032516
 2057567038.9571245
 2057433022.424782
 2057300381.1079812
 2057169098.7406039
 2057039159.2848601
 2056910546.9275682
 2056783246.0764871
 2056657241.3567355
 2056532517.607255
 2056409059.8773515
 2056286853.4232905
 2056165883.7049527
 2056046136.38256
 2055927597.3134477
 2055810252.5488951
 2055694088.3310311
 2055579091.0897639
 2055465247.4397976
 2055352544.1776733
 2055240968.2788858
 2055130506.8950377
 2055021147.3510497
 2054912877.1424146
 2054805683.9325137
 2054699555.5499566
 2054594479.9859979
 2054490445.3919675
 2054387440.0767813
 2054285452.5044572
 2054184471.2917087
 2054084485.2055619
 2053985483.1610143
 2053887454.2187488
 2053790387.582866
 2053694272.5986798
 2053599098.7505295
 2053504855.6596458
 2053411533.0820498
 2053319120.9064779
 2053227609.1523635
 2053136987.9678333
 2053047247.6277485
 2052958378.5317843
 2052870371.2025247
 2052783216.2836118
 2052696904.5379143
 2052611426.8457265
 2052526774.2030058
 2052442937.7196357
 2052359908.6177199
 2052277678.2298994
 2052196237.9977088
 2052115579.4699583
 2052035694.3011355
 2051956574.2498369
 2051878211.1772351
 2051800597.045562
 2051723723.9166226
 2051647583.9503255
 2051572169.4032567
 2051497472.6272554
 2051423486.0680261
 2051350202.2637768
 2051277613.8438697
 2051205713.5274992
 2051134494.1224017
 2051063948.5235622
 2050994069.7119739
 2050924850.7533898
 2050856284.7971189
 2050788365.0748208
 2050721084.8993387
 2050654437.6635377
 2050588416.8391726
 2050523015.97577
 2050458228.6995213
 2050394048.7122118
 2050330469.7901502
 2050267485.7831204
 2050205090.6133602
 2050143278.2745388
 2050082042.8307719
 2050021378.4156287
 2049961279.2311788
 2049901739.547035
 2049842753.6994307
 2049784316.0902908
 2049726421.1863334
 2049669063.5181823
 2049612237.6794879
 2049555938.326071
 2049500160.1750746
 2049444898.0041289
 2049390146.6505339
 2049335901.0104485
 2049282156.0381
 2049228906.7449977
 2049176148.199173
 2049123875.5244079
 2049072083.8995044
 2049020768.5575392
 2048969924.7851491
 2048919547.9218159
 2048869633.3591661
 2048820176.5402906
 2048771172.9590523
 2048722618.159431
 2048674507.734859
 2048626837.3275774
 2048579602.6279976
 2048532799.3740754
 2048486423.3506901
 2048440470.3890378
 2048394936.3660369
 2048349817.2037292
 2048305108.8687098
 2048260807.3715456
 2048216908.7662175
 2048173409.1495667
 2048130304.6607399
 2048087591.4806647
 2048045265.8315072
 2048003323.9761558
 2047961762.2177055
 2047920576.8989556
 2047879764.4019048
 2047839321.1472592
 2047799243.5939519
 2047759528.2386692
 2047720171.6153719
 2047681170.2948368
 2047642520.8841999
 2047604220.0265088
 2047566264.4002755
 2047528650.7190459
 2047491375.7309632
 2047454436.218348
 2047417828.997278
 2047381550.9171832
 2047345598.8604281
 2047309969.7419233
 2047274660.5087252
 2047239668.1396511
 2047204989.6448932
 2047170622.0656426
 2047136562.4737179
 2047102807.9711998
 2047069355.6900647
 2047036202.7918324
 2047003346.4672172
 2046970783.9357729
 2046938512.4455631
 2046906529.2728126
 2046874831.7215855
 2046843417.1234496
 2046812282.8371615
 2046781426.2483411
 2046750844.7691638
 2046720535.838047
 2046690496.9193466
 2046660725.5030551
 2046631219.1045055
 2046601975.2640805
 2046572991.5469174
 2046544265.5426311
 2046515794.8650281
 2046487577.1518312
 2046459610.0644071
 2046431891.2874906
 2046404418.5289283
 2046377189.5194099
 2046350202.0122099
 2046323453.782932
 2046296942.6292627
 2046270666.3707111
 2046244622.8483753
 2046218809.9246933
 2046193225.4832075
 2046167867.4283247
 2046142733.6850898
 2046117822.1989515
 2046093130.9355369
 2046068657.8804262
 2046044401.0389402
 2046020358.4359086
 2045996528.1154671
 2045972908.1408412
 2045949496.5941322
 2045926291.5761187
 2045903291.2060492
 2045880493.6214342
 2045857896.9778607
 2045835499.4487817
 2045813299.2253344
 2045791294.5161386
 2045769483.5471144
 2045747864.5612948
 2045726435.8186405
 2045705195.5958574
 2045684142.1862183
 2045663273.8993835
 2045642589.061229
 2045622086.0136719
 2045601763.1144974
 2045581618.7371962
 2045561651.2707906
 2045541859.1196754
 2045522240.7034547
 2045502794.4567747
 2045483518.8291786
 2045464412.2849367
 2045445473.3029013
 2045426700.3763461
 2045408092.0128233
 2045389646.7340071
 2045371363.0755534
 2045353239.5869472
 2045335274.8313644
 2045317467.3855278
 2045299815.8395691
 2045282318.7968848
 2045264974.8740039
 2045247782.7004504
 2045230740.9186144
 2045213848.1836133
 2045197103.163162
 2045180504.5374506
 2045164050.9990079
 2045147741.2525835
 2045131574.0150189
 2045115548.0151238
 2045099661.9935565
 2045083914.702704
 2045068304.9065607
 2045052831.3806143
 2045037492.9117267
 2045022288.298022
 2045007216.3487713
 2044992275.8842807
 2044977465.73578
 2044962784.7453167
 2044948231.7656448
 2044933805.6601138
 2044919505.302573
 2044905329.5772555
 2044891277.3786862
 2044877347.6115689
 2044863539.1906919
 2044849851.040827
 2044836282.0966268
 2044822831.3025324
 2044809497.6126745
 2044796279.9907753
 2044783177.4100583
 2044770188.8531547
 2044757313.3120017
 2044744549.7877684
 2044731897.29075
 2044719354.8402827
 2044706921.4646616
 2044694596.201045
 2044682378.0953717
 2044670266.202275
 2044658259.5850008
 2044646357.3153186
 2044634558.4734404
 2044622862.1479454
 2044611267.435688
 2044599773.4417248
 2044588379.2792375
 2044577084.0694463
 2044565886.9415393
 2044554787.032594
 2044543783.4874995
 2044532875.4588857
 2044522062.107043
 2044511342.5998564
 2044500716.1127238
 2044490181.8284924
 2044479738.9373844
 2044469386.6369226
 2044459124.1318698
 2044448950.634151
 2044438865.3627894
 2044428867.5438397
 2044418956.4103196
 2044409131.202141
 2044399391.1660542
 2044389735.5555716
 2044380163.6309087
 2044370674.6589282
 2044361267.9130602
 2044351942.6732588
 2044342698.2259243
 2044333533.8638577
 2044324448.8861871
 2044315442.5983198
 2044306514.3118696
 2044297663.3446155
 2044288889.0204315
 2044280190.6692307
 2044271567.6269162
 2044263019.2353163
 2044254544.8421338
 2044246143.8008943
 2044237815.4708838
 2044229559.2171001
 2044221374.4101994
 2044213260.4264457
 2044205216.6476505
 2044197242.4611342
 2044189337.2596612
 2044181500.4414008
 2044173731.4098673
 2044166029.5738819
 2044158394.3475144
 2044150825.1500354
 2044143321.405875
 2044135882.5445657
 2044128508.0007029
 2044121197.2138965
 2044113949.6287251
 2044106764.6946833
 2044099641.8661501
 2044092580.6023314
 2044085580.3672197
 2044078640.6295531
 2044071760.8627715
 2044064940.5449693
 2044058179.158854
 2044051476.1917086
 2044044831.1353438
 2044038243.4860609
 2044031712.7446077
 2044025238.4161394
 2044018820.0101814
 2044012457.0405812
 2044006149.0254796
 2043999895.4872601
 2043993695.9525235
 2043987549.9520361
 2043981457.0207038
 2043975416.6975243
 2043969428.5255587
 2043963492.0518868
 2043957606.8275759
 2043951772.407644
 2043945988.3510239
 2043940254.2205243
 2043934569.5828006
 2043928934.0083141
 2043923347.0713034
 2043917808.3497455
 2043912317.4253242
 2043906873.8833985
 2043901477.3129661
 2043896127.3066306
 2043890823.4605722
 2043885565.3745127
 2043880352.651685
 2043875184.8988008
 2043870061.7260215
 2043864982.7469239
 2043859947.5784688
 2043854955.8409774
 2043850007.1580925
 2043845101.1567552
 2043840237.4671721
 2043835415.7227874
 2043830635.5602508
 2043825896.6193972
 2043821198.5432048
 2043816540.977782
 2043811923.5723248
 2043807345.9791019
 2043802807.8534198
 2043798308.8535964
 2043793848.640938
 2043789426.8797076
 2043785043.2371018
 2043780697.3832221
 2043776388.9910557
 2043772117.7364376
 2043767883.2980385
 2043763685.3573301
 2043759523.5985653
 2043755397.7087491
 2043751307.3776202
 2043747252.2976201
 2043743232.1638749
 2043739246.6741681
 2043735295.5289173
 2043731378.4311481
 2043727495.0864797
 2043723645.2030926
 2043719828.4917116
 2043716044.6655815
 2043712293.440439
 2043708574.5345044
 2043704887.6684465
 2043701232.5653658
 2043697608.9507744
 2043694016.5525725
 2043690455.1010284
 2043686924.3287561
 2043683423.9706993
 2043679953.7641001
 2043676513.4484947
 2043673102.7656763
 2043669721.4596891
 2043666369.2767971
 2043663045.9654746
 2043659751.2763779
 2043656484.9623349
 2043653246.778317
 2043650036.4814272
 2043646853.8308744
 2043643698.5879653
 2043640570.5160747
 2043637469.3806348
 2043634394.9491093
 2043631346.9909899
 2043628325.2777638
 2043625329.5829008
 2043622359.6818373
 2043619415.3519619
 2043616496.3725908
 2043613602.5249555
 2043610733.5921891
 2043607889.3592994
 2043605069.6131656
 2043602274.1425116
 2043599502.737891
 2043596755.1916811
 2043594031.2980506
 2043591330.8529592
 2043588653.6541309
 2043585999.501045
 2043583368.1949196
 2043580759.5386927
 2043578173.3370116
 2043575609.3962152
 2043573067.5243225
 2043570547.5310111
 2043568049.2276108
 2043565572.4270861
 2043563116.9440181
 2043560682.5945952
 2043558269.196599
 2043555876.569386
 2043553504.5338762
 2043551152.9125428
 2043548821.5293946
 2043546510.2099636
 2043544218.7812896


